0 1
1 1
2 1
3 1
4 0
5 0
6 1
7 1
8 0
9 1
10 0
11 1
12 1
13 1
14 1
15 1
16 0
17 1
18 0
19 1
20 0
21 1
22 1
23 1
24 1
25 0
26 1
27 1
28 0
29 0
30 0
31 0
32 1
33 1
34 1
35 0
36 0
37 1
38 1
39 0
40 1
41 0
42 1
43 0
44 1
45 1
46 0
47 0
48 1
49 1
50 1
51 1
52 0
53 0
54 0
55 0
56 0
57 0
58 0
59 1
60 1
61 0
62 1
63 1
64 1
65 1
66 1
67 1
68 1
69 1
70 0
71 1
72 0
73 1
74 1
75 1
76 0
77 0
78 1
79 0
80 0
81 0
82 0
83 1
84 0
85 0
86 1
87 1
88 0
89 0
90 1
91 0
92 0
93 1
94 0
95 1
96 1
97 1
98 0
99 1
100 1
101 1
102 1
103 1
104 0
105 1
106 1
107 1
108 0
109 1
110 1
111 0
112 0
113 1
114 1
115 0
116 0
117 1
118 1
119 0
120 0
121 1
122 1
123 1
124 0
125 0
126 0
127 1
128 0
129 0
130 0
131 0
132 0
133 0
134 1
135 0
136 0
137 1
138 0
139 0
140 0
141 1
142 0
143 1
144 1
145 0
146 0
147 0
148 0
149 1
150 0
151 0
152 1
153 1
154 0
155 0
156 1
157 0
158 1
159 0
160 1
161 0
162 0
163 0
164 0
165 0
166 0
167 1
168 0
169 1
170 1
171 1
172 1
173 0
174 0
175 0
176 0
177 0
178 0
179 1
180 0
181 1
182 0
183 1
184 0
185 0
186 0
187 0
188 0
189 0
190 0
191 0
192 0
193 0
194 1
195 0
196 1
197 1
198 0
199 1
200 0
201 1
202 1
203 0
204 0
205 0
206 0
207 0
208 1
209 1
210 0
211 1
212 1
213 0
214 0
215 1
216 0
217 0
218 0
219 1
220 1
221 0
222 0
223 1
224 1
225 0
226 0
227 1
228 1
229 1
230 0
231 0
232 0
233 1
234 1
235 1
236 1
237 0
238 0
239 0
240 0
241 1
242 0
243 0
244 0
245 0
246 1
247 1
248 0
249 1
250 0
251 1
252 0
253 0
254 0
255 0
256 0
257 0
258 1
259 0
260 0
261 0
262 1
263 1
264 1
265 0
266 1
267 0
268 0
269 0
270 0
271 0
272 1
273 1
274 0
275 1
276 1
277 1
278 0
279 0
280 0
281 0
282 0
283 1
284 0
285 0
286 1
287 1
288 0
289 0
290 0
291 0
292 1
293 1
294 0
295 0
296 0
297 0
298 0
299 1
300 0
301 0
302 0
303 0
304 1
305 0
306 0
307 1
308 1
309 0
310 1
311 0
312 0
313 0
314 1
315 0
316 1
317 1
318 0
319 0
320 0
321 0
322 0
323 1
324 0
325 0
326 0
327 0
328 0
329 1
330 0
331 0
332 0
333 1
334 1
335 1
336 0
337 0
338 0
339 1
340 0
341 0
342 0
343 0
344 1
345 1
346 0
347 0
348 0
349 0
350 1
351 1
352 0
353 0
354 0
355 0
356 0
357 0
358 0
359 1
360 0
361 0
362 0
363 0
364 0
365 1
366 0
367 0
368 0
369 0
370 0
371 0
372 1
373 0
374 0
375 1
376 0
377 1
378 0
379 0