128 128
255 255 247 247 255 255 242 255 255 255 255 255 255 255 255 255 251 251 246 255 255 255 255 246 255 255 255 255 255 255 255 255 248 255 248 255 249 255 255 255 255 251 255 255 255 255 255 251 255 239 255 248 252 255 255 251 255 246 251 255 241 255 251 254 253 250 255 255 249 255 255 254 254 245 255 250 255 255 243 255 255 255 255 255 255 255 255 255 255 248 255 245 255 255 255 250 255 255 246 251 255 255 246 252 255 255 255 250 255 255 242 255 255 255 255 255 255 255 255 255 254 255 255 255 255 250 255 254
253 243 255 255 250 238 255 253 254 254 254 254 254 254 254 254 255 255 251 226 255 244 238 255 254 254 254 254 254 254 254 254 255 234 255 255 253 255 238 240 246 255 252 244 255 242 255 244 244 251 255 243 255 255 255 245 255 255 255 255 255 255 247 255 255 255 255 253 254 255 250 252 255 255 255 255 247 246 246 255 255 255 255 255 255 255 255 255 241 255 255 240 255 243 251 255 242 255 254 255 254 249 255 255 255 229 255 255 255 236 255 248 254 254 254 254 254 254 254 254 245 244 253 252 237 255 255 255
255 253 245 239 255 246 255 248 255 255 255 255 255 255 255 255 242 253 254 255 253 251 255 239 255 255 255 255 255 255 255 255 253 253 255 239 255 240 255 255 246 255 249 255 255 253 249 255 255 255 240 255 253 250 243 255 243 255 229 255 248 254 255 255 255 236 255 255 253 255 255 246 255 247 255 243 252 255 241 248 253 253 253 253 253 253 253 253 255 253 246 255 248 255 253 242 255 255 246 251 250 255 253 245 250 255 247 255 247 249 255 255 255 255 255 255 255 255 255 255 255 255 253 255 255 255 240 247
242 255 255 255 255 255 245 253 252 252 252 252 252 252 252 252 255 255 248 255 250 255 249 254 252 252 252 252 252 252 252 252 255 254 240 255 247 255 254 240 255 239 255 244 255 244 255 255 254 237 255 245 255 252 255 247 255 254 255 255 255 254 250 255 242 255 244 234 255 232 255 255 239 255 251 255 255 247 255 255 255 255 255 255 255 255 255 255 250 253 255 246 254 237 255 255 242 255 255 255 249 255 226 255 251 255 250 255 250 255 243 238 252 252 252 252 252 252 252 252 253 247 239 252 255 230 255 255
255 251 255 236 4 8 0 13 0 0 0 0 0 0 0 0 1 0 0 0 0 255 249 255 0 0 0 0 0 0 0 0 0 245 255 249 252 255 255 0 0 255 243 6 15 10 0 8 0 2 0 6 0 254 255 255 255 248 0 6 0 4 3 10 3 0 10 24 0 5 252 255 255 244 248 250 255 247 0 4 255 255 255 255 255 255 255 255 255 255 0 0 0 14 0 246 255 255 247 254 254 253 6 0 0 255 255 0 1 9 0 27 0 0 0 0 0 0 0 0 1 15 10 0 253 255 255 250
255 255 255 255 0 2 0 0 2 2 2 2 2 2 2 2 0 13 10 9 0 242 250 14 2 2 2 2 2 2 2 2 2 255 255 238 255 248 233 12 8 253 255 245 0 2 0 0 4 0 11 0 0 255 255 235 230 255 7 7 0 6 0 0 0 0 0 4 0 5 255 249 255 247 255 255 229 255 8 0 253 253 253 253 253 253 253 253 248 247 7 0 0 10 24 251 255 255 255 255 255 255 0 4 15 250 249 0 3 3 0 0 2 2 2 2 2 2 2 2 0 0 0 7 0 255 240 255
247 255 249 249 20 0 21 3 0 0 0 0 0 0 0 0 0 0 0 0 0 255 235 255 0 0 0 0 0 0 0 0 0 255 255 245 249 255 0 6 0 241 255 15 2 0 9 0 0 3 11 0 9 241 242 255 255 222 255 5 2 0 14 10 4 0 12 0 0 9 241 255 255 251 255 229 255 252 0 0 255 255 255 255 255 255 255 255 255 246 1 15 4 0 0 255 255 246 252 255 255 236 23 0 0 255 249 6 0 0 13 6 0 0 0 0 0 0 0 0 0 2 4 0 0 249 255 255
255 252 255 246 0 0 247 255 255 255 255 255 255 255 255 255 255 255 255 1 0 0 255 252 255 255 255 255 255 255 255 255 255 250 255 255 8 0 253 254 247 12 0 246 252 255 0 0 254 255 243 9 0 8 4 0 0 16 255 249 255 252 250 0 0 12 0 13 250 248 255 249 253 8 0 13 0 1 255 249 0 0 0 0 0 0 0 0 255 248 255 245 245 255 244 5 3 0 7 0 0 13 0 7 7 249 253 0 0 7 246 254 255 255 255 255 255 255 255 255 255 251 1 11 0 255 243 255
255 253 245 255 0 2 255 244 247 255 255 245 255 255 249 255 253 252 255 5 0 251 255 255 255 234 255 253 245 244 255 250 255 255 251 250 9 0 13 249 244 17 0 255 255 5 7 0 251 255 251 0 0 0 0 4 0 1 255 254 252 255 248 0 10 0 0 17 246 250 255 254 255 0 5 0 8 0 252 253 19 0 0 4 5 0 21 0 253 255 255 247 255 255 251 1 0 6 0 2 4 0 10 0 8 245 255 1 0 2 255 255 255 236 255 251 255 255 255 249 254 255 0 0 0 255 250 255
251 255 255 254 3 0 246 255 255 228 255 255 249 242 246 255 255 255 247 0 0 255 255 245 253 253 250 255 255 255 236 255 245 250 255 253 0 18 0 255 255 0 0 0 255 238 6 255 255 229 255 0 16 255 11 0 255 0 234 255 243 255 248 0 255 0 20 0 255 255 252 255 251 16 0 0 255 8 243 255 0 23 0 5 10 0 0 3 252 255 255 255 253 239 255 0 255 5 1 0 17 0 0 8 0 248 253 5 9 0 252 255 255 255 239 252 254 246 255 255 254 255 0 0 0 255 250 255
254 255 255 249 1 6 0 244 235 7 0 2 0 6 17 0 249 255 245 6 13 0 247 255 255 255 246 253 253 244 255 240 255 18 0 0 0 0 0 7 1 0 17 19 0 8 255 255 5 8 0 0 0 245 245 255 255 255 255 255 254 255 251 255 255 0 0 18 5 0 255 255 250 1 9 253 246 254 0 8 5 0 2 0 0 3 0 1 253 255 255 244 255 244 252 255 255 243 255 253 0 18 15 0 2 255 255 0 4 0 255 245 0 0 18 5 11 8 0 255 254 255 0 0 0 255 250 255
255 255 245 255 0 0 255 252 255 0 0 0 0 0 8 0 255 249 254 5 0 255 251 254 255 253 255 250 248 255 247 255 255 0 0 17 9 0 8 0 0 9 0 0 11 255 246 255 0 0 9 1 14 255 255 238 248 255 245 246 249 246 255 255 242 255 0 0 0 18 253 245 255 0 0 21 255 239 9 0 0 15 0 16 8 0 8 7 255 245 255 245 253 255 247 253 245 255 255 253 21 0 0 4 0 234 255 3 0 0 255 252 11 0 9 3 0 0 20 236 254 255 0 0 0 255 250 255
255 252 255 245 5 6 235 246 250 0 16 7 7 0 1 6 255 249 254 5 0 255 251 254 255 249 0 0 255 234 255 255 248 255 240 255 241 255 254 11 9 255 255 249 16 0 0 1 0 13 0 0 3 0 0 11 255 255 0 6 2 255 239 0 4 247 255 255 7 0 0 9 0 0 5 0 0 23 2 0 3 11 240 252 243 253 255 236 255 255 0 1 1 0 8 255 255 252 244 239 0 0 255 245 255 255 246 0 3 3 255 254 12 0 0 0 26 1 0 255 254 255 0 0 0 255 250 255
255 249 255 246 9 0 251 255 255 6 0 0 4 0 0 0 249 255 245 6 13 0 247 255 253 255 0 1 249 253 255 255 255 255 255 237 255 255 251 0 0 255 251 0 0 11 0 13 1 7 0 0 9 5 0 5 243 255 6 0 255 244 252 5 10 255 251 255 0 12 0 7 0 13 0 0 5 0 0 13 0 0 255 255 255 255 247 255 251 234 6 3 14 1 8 242 255 243 255 22 0 18 255 252 255 232 255 12 0 0 250 255 247 22 9 0 0 0 0 255 254 255 0 0 0 255 250 255
255 248 255 241 8 13 0 249 242 3 4 3 9 1 7 5 255 255 247 0 0 255 255 245 3 249 0 0 2 16 0 255 242 255 251 255 248 253 236 18 255 0 243 15 9 0 255 241 3 0 1 16 0 2 15 0 255 241 255 4 0 8 255 0 0 0 5 247 12 17 253 252 255 0 0 10 255 2 12 2 17 0 7 246 255 0 0 249 255 255 246 255 0 255 255 245 248 255 252 255 252 235 255 252 255 255 255 0 0 4 255 249 0 0 0 4 17 0 7 251 254 255 0 0 0 255 250 255
254 255 255 251 1 0 255 254 254 4 0 6 0 0 8 0 253 252 255 5 0 251 255 255 0 0 3 10 0 8 0 252 255 245 255 250 253 255 246 254 255 0 2 4 0 255 248 255 1 0 0 2 0 0 1 5 246 255 0 2 3 0 0 4 0 0 8 0 0 0 249 255 255 12 0 255 248 248 7 0 0 7 255 255 253 4 0 3 253 248 255 246 255 255 240 255 255 255 246 254 255 255 253 255 249 255 249 0 9 0 255 251 2 0 9 0 0 14 0 255 254 255 0 0 0 255 250 255
248 255 248 255 0 5 251 255 251 0 8 243 0 255 0 9 255 251 254 0 8 0 252 255 0 0 6 0 11 0 0 255 255 252 0 255 254 7 238 255 251 4 5 0 0 22 246 255 2 0 11 0 252 0 255 3 255 237 0 6 6 255 4 0 255 0 255 0 9 0 250 1 249 18 0 255 252 0 8 0 248 6 255 243 255 0 252 2 247 255 0 255 255 253 248 2 255 0 252 255 241 255 255 247 252 255 245 1 0 5 250 251 255 0 255 3 248 3 0 254 247 255 0 0 5 255 244 255
255 255 251 252 0 0 255 253 255 246 255 255 253 255 255 243 245 255 249 8 9 251 255 245 17 8 2 3 0 2 0 4 0 12 9 0 17 0 255 255 255 0 0 255 251 245 0 4 1 0 0 255 255 255 245 251 243 255 245 4 236 242 255 251 232 255 255 250 0 12 2 3 0 255 255 21 0 4 6 1 255 247 240 255 244 239 255 242 255 255 17 0 0 255 255 0 5 0 3 0 255 252 255 255 255 251 255 0 4 0 255 255 255 255 255 248 255 235 255 255 255 255 0 4 4 255 255 255
255 234 249 255 13 10 0 251 249 254 246 241 255 249 255 255 255 255 251 0 0 254 255 6 0 0 0 0 0 0 15 0 6 0 2 4 0 0 9 249 247 0 0 251 255 255 10 0 0 18 10 245 249 251 255 255 255 255 0 0 9 255 230 255 255 255 241 255 30 0 2 0 7 255 230 238 19 8 0 0 251 255 255 255 255 252 255 255 255 220 1 0 2 255 251 2 8 4 0 10 236 248 255 243 247 253 255 10 0 0 242 238 255 234 253 255 245 255 255 236 255 224 4 4 0 255 255 246
245 255 254 246 0 0 0 5 26 0 5 17 0 1 0 0 0 5 0 5 3 0 254 252 5 5 253 255 6 8 0 255 254 0 0 26 255 238 255 0 0 255 255 0 4 0 244 252 8 0 0 255 255 0 4 0 246 251 11 0 254 255 241 0 0 255 255 248 0 0 251 255 255 0 12 255 250 250 17 0 255 231 9 0 4 255 228 255 0 25 246 255 255 0 0 254 241 0 7 253 255 250 0 0 9 255 253 0 12 0 10 13 9 4 3 0 2 0 0 4 0 30 0 19 0 255 255 254
255 232 255 255 0 13 0 14 0 12 3 2 4 0 5 0 12 0 9 0 0 255 255 240 2 2 246 255 245 3 14 252 253 16 2 0 254 255 248 0 7 244 253 9 0 255 251 255 2 2 14 249 238 12 0 0 255 254 255 0 0 255 255 2 8 231 255 255 0 18 253 248 255 0 1 25 234 255 0 0 255 255 242 1 0 255 255 251 0 5 250 255 251 0 0 255 255 255 0 2 255 249 6 6 1 253 242 0 0 5 3 0 0 17 0 0 4 0 0 1 0 0 2 3 0 255 251 255
255 245 255 255 0 4 8 0 0 20 0 0 3 7 0 0 0 13 5 3 2 252 228 19 3 0 255 251 22 0 0 255 255 0 0 19 255 245 255 0 0 255 254 254 0 12 255 247 0 0 14 248 255 3 0 2 248 249 0 20 252 251 249 0 0 255 237 251 0 0 251 255 247 2 0 241 255 247 6 14 236 255 0 11 0 255 242 250 0 0 255 255 232 16 7 243 236 0 14 0 247 255 0 0 0 255 255 1 0 1 14 0 15 0 13 0 10 1 0 8 23 0 0 0 15 241 248 255
245 255 248 251 255 251 255 254 255 232 255 248 255 235 248 255 241 255 252 238 255 250 255 240 255 254 9 0 255 255 255 255 255 255 251 252 0 0 16 255 255 233 255 0 0 255 250 251 5 11 0 255 255 0 0 0 255 255 4 0 255 253 252 255 250 249 255 255 10 1 252 243 250 255 251 255 255 3 14 0 5 0 251 250 255 0 2 15 255 255 0 0 14 0 15 255 255 240 255 255 0 22 243 253 255 243 255 244 255 244 252 252 255 255 247 255 235 255 255 239 226 255 255 255 239 255 254 254
255 247 255 254 252 255 249 255 255 250 255 245 255 255 248 252 255 245 245 255 243 255 255 254 255 252 0 6 1 255 252 253 251 246 255 252 0 15 243 247 248 255 253 6 0 0 255 255 0 2 0 253 255 5 0 10 252 245 255 0 0 252 255 250 255 255 255 237 7 0 255 255 255 236 255 255 255 255 0 13 0 7 1 247 255 12 0 0 255 243 0 17 0 0 0 246 251 255 243 255 0 0 255 255 243 255 253 254 248 255 247 255 246 254 252 250 255 244 255 251 255 255 236 252 255 242 255 255
254 255 243 255 255 255 255 0 0 2 4 0 0 12 0 7 2 0 0 0 2 0 1 6 243 255 0 0 253 255 252 255 248 255 250 255 0 0 20 239 252 0 16 0 13 255 255 255 255 255 246 0 8 0 0 0 249 255 0 0 5 3 0 10 3 5 2 0 8 0 255 255 254 253 246 3 8 0 0 5 255 249 245 255 253 249 255 252 255 255 241 255 255 0 6 3 10 235 255 255 245 255 0 12 0 255 236 255 251 239 2 7 2 0 6 252 255 255 252 255 248 253 4 0 1 255 236 255
255 244 255 255 246 252 0 2 0 9 0 5 15 0 6 0 0 8 7 0 12 2 5 0 255 246 1 0 250 255 246 255 254 253 255 233 8 0 245 255 255 0 0 18 0 6 238 255 248 236 255 0 0 0 4 6 255 238 14 0 0 2 12 0 0 0 8 1 0 0 255 251 255 255 255 243 0 12 0 0 242 245 255 252 249 255 249 249 254 255 242 255 246 0 8 0 0 15 255 248 255 255 0 0 4 251 255 253 255 255 0 0 0 0 252 255 248 252 255 246 255 249 8 10 0 255 255 249
236 255 238 255 255 255 250 11 3 0 6 0 0 15 1 0 4 3 0 11 0 13 0 255 238 255 10 9 255 249 255 251 252 253 251 254 4 4 0 255 242 3 0 0 0 254 255 254 255 255 250 5 6 5 13 248 252 255 243 16 0 0 1 0 17 0 3 6 0 11 254 255 255 245 246 19 0 1 0 12 255 251 255 239 255 238 255 255 245 249 255 250 7 12 0 14 0 255 255 242 255 255 0 17 0 242 255 252 253 247 36 0 9 0 0 255 252 243 255 255 233 255 0 4 19 231 255 255
255 255 245 255 255 234 255 239 245 26 0 255 255 243 255 255 4 0 14 255 250 247 11 0 15 0 240 243 246 255 248 0 6 255 255 255 255 255 245 0 14 253 248 255 255 242 0 2 0 12 4 237 255 252 234 255 255 250 0 11 255 244 255 1 0 0 12 0 252 255 6 0 5 3 0 255 255 239 11 0 2 0 0 255 255 0 1 0 249 255 2 0 0 9 0 246 255 244 244 252 255 249 255 244 255 0 5 255 242 255 241 255 0 2 0 0 12 255 238 1 13 7 0 0 7 253 251 255
240 255 255 246 250 255 233 255 253 0 2 251 255 246 255 250 0 0 0 248 255 0 1 4 0 0 255 248 250 255 242 6 0 236 255 252 248 248 255 12 0 255 255 255 247 255 0 0 0 0 4 250 253 255 255 255 255 255 26 0 253 255 238 0 9 0 12 0 255 252 0 0 0 5 0 0 255 255 0 0 0 3 247 255 250 10 9 6 255 255 0 11 0 0 2 255 249 255 255 244 255 255 255 244 249 10 0 255 253 253 253 252 255 10 5 0 0 236 255 0 0 0 10 0 0 255 255 248
255 255 245 254 0 0 255 255 255 255 4 255 0 12 0 255 6 255 255 0 0 255 250 244 252 255 3 0 10 0 0 12 16 255 254 248 248 255 252 0 5 0 8 240 0 4 245 255 255 255 241 18 0 0 0 250 248 239 0 0 17 249 255 250 237 4 5 0 251 255 0 14 0 255 255 255 0 4 5 7 255 250 255 253 247 249 251 243 255 246 249 255 4 0 0 0 255 249 243 255 242 250 0 17 4 255 255 0 1 10 0 5 0 0 17 246 250 255 240 255 255 255 0 7 2 242 255 252
247 230 255 255 0 0 255 238 248 250 254 0 0 22 0 0 245 252 252 0 0 255 251 255 252 255 0 32 0 5 20 0 0 240 254 255 253 243 0 6 2 0 0 23 10 244 255 244 245 255 255 0 0 15 6 4 255 246 21 0 242 238 250 255 255 0 0 8 255 248 9 0 12 241 255 4 0 12 0 0 242 255 255 235 255 255 241 255 253 255 252 254 242 6 2 5 0 9 252 239 255 255 0 0 0 250 255 1 0 15 0 0 15 0 254 252 255 253 255 241 250 255 0 15 0 255 254 251
255 255 240 252 255 0 255 7 255 10 252 5 8 0 0 2 255 249 253 255 0 249 10 243 0 255 0 0 255 255 244 6 0 247 14 246 255 250 255 0 0 7 9 240 3 255 255 253 255 251 255 4 0 240 255 0 255 238 252 8 255 7 252 0 249 255 255 0 255 255 0 255 0 255 0 255 255 0 0 4 255 250 253 255 255 0 16 241 255 239 255 251 255 0 8 245 3 253 254 255 250 255 0 2 0 255 0 255 255 247 247 7 251 255 0 255 0 255 251 255 5 252 5 0 14 247 254 255
250 255 255 241 253 255 6 0 7 0 10 0 0 1 10 0 255 242 255 255 247 0 3 5 0 18 0 0 9 250 255 0 0 3 9 0 255 255 246 0 3 0 19 250 245 255 255 253 255 255 232 14 3 249 255 246 0 9 246 246 255 0 0 11 0 255 251 252 0 3 255 250 254 0 0 11 255 255 0 5 254 255 240 255 255 0 0 6 255 255 255 237 0 1 0 255 255 246 254 255 253 254 4 0 0 3 0 255 255 250 247 255 244 255 245 0 8 254 251 4 10 0 8 10 0 253 255 244
254 255 239 255 255 242 252 0 0 5 0 11 18 6 0 3 254 248 247 252 255 255 19 0 2 0 0 5 240 254 249 8 11 0 0 17 248 239 255 2 0 12 0 255 255 253 255 7 247 255 255 0 0 255 255 251 11 0 9 255 0 12 9 0 0 247 247 255 8 0 255 255 255 0 22 255 238 255 0 11 251 255 255 255 255 0 16 0 253 255 247 255 254 0 0 248 251 255 255 246 255 248 0 2 0 0 7 247 255 255 234 255 255 255 11 2 0 246 247 7 0 0 6 0 5 255 245 255
246 253 255 224 5 5 0 255 254 12 0 14 0 6 249 255 3 2 2 4 0 2 251 255 0 12 241 255 12 12 9 0 0 16 0 0 255 251 7 0 0 0 27 247 244 1 0 0 255 233 255 255 248 249 235 255 249 255 255 0 7 0 7 247 255 255 255 251 237 248 4 0 0 255 246 0 7 3 24 0 13 0 0 0 0 255 250 254 255 255 0 0 9 248 255 12 0 255 252 0 0 8 5 0 2 255 244 255 241 253 3 3 9 0 0 246 255 255 255 240 255 255 1 0 255 236 255 255
255 226 255 255 4 0 255 254 253 0 0 0 10 7 255 237 3 0 21 0 6 255 253 252 0 8 255 251 239 0 0 0 0 0 0 28 250 244 253 7 8 0 0 255 252 255 0 1 251 255 236 255 254 255 255 251 255 255 0 0 7 0 8 255 255 244 255 255 255 255 0 2 1 255 247 255 0 0 4 0 0 24 4 6 0 254 255 246 249 255 22 5 0 255 255 0 17 0 255 245 6 8 0 0 7 250 243 254 255 255 1 0 0 2 255 255 240 251 250 251 250 242 10 0 0 255 255 243
255 255 255 246 0 0 252 255 255 11 0 9 0 0 249 255 0 0 11 255 248 15 0 2 0 0 1 9 255 255 250 8 7 244 255 248 255 254 255 244 255 255 254 0 11 9 0 1 255 251 255 255 244 255 251 251 237 255 0 0 255 255 255 0 0 14 0 0 246 255 1 6 0 255 254 255 252 7 0 2 255 253 0 0 16 0 0 15 255 249 240 250 255 254 253 247 246 255 255 255 0 0 251 251 241 0 23 247 255 254 255 254 0 7 5 250 255 5 8 255 255 255 0 4 5 234 255 248
254 250 255 244 12 19 0 255 243 14 4 0 0 6 244 253 5 14 0 254 255 238 0 5 6 11 5 0 249 255 255 0 0 255 255 234 255 251 255 255 250 246 255 11 0 0 0 6 249 242 255 251 255 246 255 255 255 238 3 1 1 244 250 0 0 11 5 0 255 231 5 2 0 253 254 241 255 255 0 12 253 250 255 20 0 0 6 0 255 236 255 245 254 255 255 255 242 255 228 255 34 0 246 255 255 2 0 255 255 236 246 247 15 6 236 255 241 2 0 255 245 255 1 8 0 255 255 254
251 248 255 250 0 0 255 255 255 0 6 0 14 10 247 255 5 0 14 255 255 0 18 0 10 0 3 15 242 254 255 4 0 244 255 255 253 255 234 255 252 255 251 0 0 0 0 6 255 255 245 255 252 254 255 248 255 255 8 0 255 255 253 1 0 0 6 0 250 255 0 0 0 255 253 252 255 255 0 11 252 255 0 0 14 0 6 3 255 255 247 247 255 244 255 248 255 254 255 0 0 2 249 255 252 10 0 248 255 255 254 255 2 0 13 255 255 19 2 254 255 248 2 0 0 255 250 251
253 255 242 255 251 255 0 2 5 246 255 2 0 2 0 0 251 255 242 0 1 254 251 255 0 23 252 248 11 3 0 255 255 0 0 3 0 0 4 0 1 250 252 255 0 250 255 245 0 8 0 0 4 255 245 255 250 255 252 7 0 255 251 4 4 252 255 254 0 3 246 255 254 255 255 0 2 0 8 0 3 0 10 0 2 248 255 251 255 249 6 12 0 254 255 0 2 244 251 255 252 255 0 0 1 248 255 4 0 0 5 0 0 12 0 0 2 0 15 248 247 255 3 1 6 244 255 255
254 255 254 254 255 255 247 15 0 252 255 1 0 0 12 0 250 251 255 0 8 0 255 255 4 12 250 253 0 0 0 255 255 0 7 0 5 0 20 0 0 255 247 0 3 0 255 251 0 0 0 10 0 255 248 250 253 252 10 0 244 255 252 4 0 255 255 252 0 9 255 250 255 254 255 255 0 12 0 9 0 0 1 1 0 255 246 255 253 252 7 0 12 255 250 6 7 0 250 255 255 255 0 0 1 255 255 0 0 15 0 0 8 0 0 19 0 4 0 251 255 245 7 0 1 253 249 253
255 245 240 255 0 0 9 239 255 238 255 255 255 245 254 255 18 2 9 245 255 255 0 10 0 0 255 243 255 255 255 253 250 13 2 0 6 18 222 255 254 4 0 11 10 0 0 17 3 0 0 5 0 24 2 7 6 1 246 253 12 3 9 244 255 5 0 4 4 0 249 255 248 0 0 5 13 0 255 232 255 244 255 250 255 238 255 255 13 0 253 255 248 1 0 4 0 0 8 2 255 247 0 1 0 248 241 5 0 0 10 0 0 5 255 246 251 4 5 255 247 255 248 249 253 255 255 255
248 255 245 255 0 0 255 254 242 255 249 248 255 255 248 255 0 0 0 255 252 3 0 3 8 0 253 255 239 247 255 242 255 0 0 0 1 0 14 255 255 2 0 0 0 9 7 0 0 12 16 0 10 0 0 2 0 0 249 255 245 3 0 255 255 0 2 0 2 33 235 255 249 9 0 2 0 5 255 255 248 255 255 255 255 255 232 239 0 3 255 253 255 0 15 0 1 16 0 245 255 255 5 10 13 250 255 6 0 14 0 0 20 0 0 255 253 0 0 255 255 246 255 249 255 254 255 237
247 255 255 245 0 0 255 247 255 247 255 255 248 229 255 255 0 6 8 242 255 255 0 0 3 4 238 243 255 255 255 255 249 7 12 14 0 0 255 240 252 2 19 8 6 0 2 0 0 0 0 0 3 12 0 0 18 6 255 241 0 3 0 255 241 255 0 0 0 0 255 255 255 0 0 0 0 8 237 254 245 255 249 255 250 248 255 255 0 0 255 254 241 23 12 0 0 0 0 10 255 230 14 0 4 248 252 0 3 4 0 2 0 0 255 238 255 8 0 255 255 250 248 255 236 255 255 255
255 238 252 251 3 19 0 9 0 0 0 0 15 9 252 246 0 25 0 0 16 0 253 255 247 255 9 18 252 255 235 252 255 0 0 0 255 247 0 7 0 255 248 241 251 254 10 8 255 255 255 255 234 22 0 12 248 252 0 9 0 7 0 9 14 0 0 0 255 237 255 252 249 255 255 255 242 255 255 255 6 0 11 5 0 0 0 0 0 18 0 6 0 250 232 255 255 255 10 4 235 255 255 244 239 15 10 7 0 5 0 23 255 244 5 11 0 240 252 0 1 10 4 0 3 245 251 252
255 255 255 243 0 12 0 16 4 0 25 0 0 0 255 255 13 0 0 20 0 255 255 244 253 255 0 0 248 249 255 253 255 0 15 4 254 255 253 6 1 249 255 255 252 255 0 6 255 246 251 255 249 0 2 0 255 254 0 0 0 14 10 0 0 18 0 0 252 255 246 255 255 228 255 251 255 252 243 255 4 0 10 0 0 9 4 0 0 0 0 5 4 255 255 255 252 0 0 247 255 245 255 255 255 0 0 1 12 0 15 0 255 255 245 0 4 253 255 0 0 5 2 0 12 246 255 248
249 255 244 255 15 0 20 237 2 13 0 14 0 0 255 0 255 0 255 249 7 255 0 251 253 255 252 5 18 245 0 255 0 2 0 2 245 255 241 0 4 255 5 243 255 240 12 245 255 255 244 0 255 0 11 4 254 255 252 10 0 242 255 1 20 0 7 11 255 249 255 0 236 25 251 0 255 255 246 255 252 10 244 4 11 236 5 255 0 11 253 0 255 242 255 248 5 243 12 13 0 255 241 255 249 255 0 0 0 9 0 17 0 255 0 4 0 255 0 255 255 6 243 8 255 246 249 255
255 246 255 244 0 0 250 255 244 9 0 0 11 6 0 3 255 255 252 252 255 0 1 1 251 255 255 241 13 0 7 0 10 0 0 2 252 255 255 6 5 0 0 255 250 255 252 255 255 243 255 7 0 2 6 0 255 242 12 2 255 255 255 0 0 6 3 0 255 242 4 7 6 0 0 0 4 0 247 255 251 255 0 6 0 255 250 255 0 10 255 252 255 255 248 10 0 6 0 10 1 0 255 250 255 250 255 16 0 0 11 0 5 0 9 0 4 0 13 249 247 247 255 255 249 255 255 246
254 255 247 255 0 0 255 250 253 1 0 0 0 0 24 0 255 254 254 255 247 255 0 255 250 255 245 252 2 0 0 1 7 0 0 19 246 254 253 11 0 5 0 252 255 252 251 255 255 255 251 0 15 0 8 255 247 255 0 1 0 250 255 0 0 0 2 2 255 234 11 0 0 0 0 4 6 3 251 255 255 246 2 0 1 245 255 244 1 5 246 248 255 254 255 0 5 0 6 5 0 4 255 251 250 255 255 0 0 0 4 0 18 0 14 0 0 2 1 253 247 255 255 255 244 255 248 255
251 250 255 238 9 13 0 9 0 18 0 15 9 2 232 255 1 0 10 0 12 0 245 247 255 245 8 4 255 253 255 253 247 255 255 255 247 254 255 235 247 252 255 0 0 0 255 255 1 0 0 255 238 255 253 245 9 3 0 0 20 0 0 11 16 0 3 0 255 248 255 248 247 255 243 244 252 255 0 0 0 3 0 12 5 0 0 4 245 253 4 1 0 255 245 255 255 254 254 255 255 254 255 253 255 1 0 3 12 0 0 0 0 11 0 6 0 255 242 6 15 0 0 22 0 255 255 252
252 253 255 255 0 8 0 0 0 0 19 0 0 0 246 251 2 8 0 1 0 255 255 247 227 255 3 0 255 249 238 255 255 255 236 241 255 240 255 255 255 255 239 0 0 255 252 239 2 2 5 255 247 255 254 255 1 0 0 0 0 3 9 0 0 0 15 0 250 255 237 255 255 221 255 255 255 248 0 3 2 1 6 0 10 0 18 0 255 252 14 0 6 255 251 250 255 255 255 253 250 251 250 255 236 16 0 0 2 5 0 9 0 14 0 0 6 255 255 0 0 0 1 0 0 243 255 249
255 237 255 253 9 0 255 255 255 249 240 255 255 255 253 255 0 15 1 247 255 242 255 250 6 14 0 0 255 255 255 242 250 6 3 7 0 16 233 255 255 238 255 253 255 0 0 17 0 0 0 255 254 3 0 5 0 0 29 0 249 255 255 0 0 34 0 0 2 0 17 0 0 255 249 249 0 0 5 0 255 255 255 255 255 255 255 255 240 255 243 245 255 0 15 0 0 0 0 5 5 18 243 255 255 255 253 4 3 1 0 0 0 0 251 255 255 246 236 255 255 254 255 255 255 245 243 255
245 255 254 255 0 1 247 252 249 255 249 255 243 233 255 253 10 0 6 252 248 255 243 16 2 0 0 4 255 243 238 255 255 0 0 6 1 1 13 249 248 255 240 255 246 255 20 0 5 12 5 255 255 0 0 0 0 12 0 0 255 242 239 255 255 235 249 255 255 3 0 11 0 255 243 8 13 7 0 1 250 245 255 255 237 255 253 255 255 253 247 255 247 8 6 1 11 1 0 3 0 0 255 250 243 246 255 0 0 0 16 0 23 0 0 255 250 255 255 243 255 253 241 246 237 255 253 255
255 255 243 246 28 7 0 255 255 234 246 255 255 255 0 252 3 248 251 11 0 255 255 236 242 253 5 0 2 8 6 255 240 6 1 7 0 0 0 253 5 244 255 255 1 0 0 0 241 252 5 255 0 2 10 12 255 255 239 255 255 255 255 233 255 249 255 249 251 255 236 253 255 250 255 255 239 249 4 255 5 255 10 255 4 255 255 245 255 250 0 0 255 0 255 0 0 2 0 5 5 6 255 255 255 252 251 6 7 0 1 0 235 254 246 255 248 255 12 247 0 255 255 248 255 241 255 255
251 255 249 248 0 0 255 255 255 255 255 243 250 254 0 5 250 255 255 0 0 255 252 255 255 255 0 4 0 0 0 250 255 0 0 2 3 0 1 0 2 252 255 0 0 5 7 0 255 255 255 0 17 0 0 3 253 247 255 248 255 242 250 255 255 248 255 255 254 255 255 253 250 237 255 255 255 255 237 255 0 9 0 0 6 240 255 255 254 253 0 5 1 255 255 0 0 12 0 0 0 3 241 255 243 255 255 0 0 5 0 2 255 255 255 247 255 0 0 7 4 0 255 255 250 255 245 244
250 255 242 255 0 13 248 247 255 245 243 255 246 253 8 0 255 242 254 2 7 0 255 255 250 242 17 0 3 0 7 251 255 0 14 1 0 14 0 2 0 255 232 255 2 0 0 6 255 252 255 3 0 9 0 255 252 255 243 255 0 255 8 0 249 10 2 249 1 255 238 255 255 255 246 247 247 255 255 247 0 1 11 2 4 255 244 254 255 249 0 2 0 255 244 6 0 4 0 3 1 0 255 253 255 251 255 0 3 0 10 0 250 253 244 255 246 1 16 0 8 0 255 255 246 255 247 255
255 249 255 254 9 0 2 251 254 7 0 242 253 255 255 249 255 255 244 252 255 246 4 0 0 0 0 9 4 0 17 0 2 249 245 255 0 4 252 255 255 246 255 251 247 254 0 3 0 2 6 255 253 255 244 252 255 244 0 255 0 247 255 0 255 245 255 0 251 0 255 0 247 255 251 0 4 6 0 3 255 238 255 0 0 0 0 14 252 248 255 245 251 255 250 0 0 255 244 252 255 242 12 0 1 255 251 19 0 0 254 255 251 255 0 9 0 3 7 250 253 246 255 255 236 255 255 251
244 255 243 255 0 10 255 248 235 17 6 255 253 255 253 255 241 255 255 251 255 0 0 6 3 6 0 0 0 0 0 23 4 247 255 243 11 0 14 235 254 255 255 247 255 1 0 0 6 0 1 252 239 255 255 255 255 10 255 239 7 248 0 249 1 255 0 255 22 253 233 7 245 255 249 250 6 0 0 0 249 255 0 2 2 4 0 0 255 255 242 251 255 255 242 8 12 240 243 255 231 252 4 0 0 255 236 0 4 0 255 255 255 255 255 0 0 0 4 255 255 255 233 255 255 255 244 255
248 255 241 255 0 0 246 255 255 0 0 248 255 244 253 255 255 238 255 255 243 245 16 0 0 1 25 0 0 19 2 1 0 242 255 255 0 0 254 255 254 242 248 252 255 226 3 5 0 9 3 255 238 251 255 253 0 250 0 255 250 2 255 255 0 241 0 250 238 11 255 0 255 254 255 254 0 16 10 7 255 255 255 0 15 1 0 8 253 242 255 255 230 255 249 0 0 255 255 255 253 255 5 8 0 238 255 0 14 5 255 250 247 255 0 7 25 0 0 253 247 252 255 243 254 255 255 255
255 244 255 250 255 255 13 0 0 255 255 248 255 239 1 5 0 1 0 0 0 5 0 0 2 0 238 255 0 17 0 243 255 255 255 244 255 255 255 244 255 251 249 17 0 6 255 255 8 0 0 0 255 255 242 0 255 252 243 0 255 247 10 242 0 255 251 17 255 0 244 11 9 0 254 255 252 255 241 251 4 0 8 0 0 0 0 0 10 0 0 0 4 233 255 255 255 0 0 0 0 0 8 0 5 13 7 0 0 6 4 0 2 0 5 0 0 14 14 0 16 0 0 6 6 254 235 245
255 253 252 255 242 246 244 9 2 255 255 246 232 255 0 0 6 2 0 21 4 0 0 5 0 1 255 255 254 0 23 255 251 247 255 254 255 246 254 255 253 253 255 0 0 255 245 244 0 1 9 5 246 255 255 255 0 255 6 255 0 255 255 0 254 0 255 244 0 255 251 255 243 255 255 233 255 254 255 255 0 2 0 0 8 5 16 0 0 13 11 8 5 248 255 240 255 252 0 0 11 1 0 16 0 0 0 9 4 0 0 10 20 0 8 0 6 6 0 8 0 0 8 0 0 255 255 255
255 255 254 241 13 2 0 246 255 0 0 255 255 246 17 2 251 242 255 239 253 253 255 249 8 0 255 238 255 255 234 0 0 246 255 252 5 4 0 251 255 1 0 247 255 255 0 10 255 250 250 255 255 242 0 255 11 255 233 255 0 255 255 255 255 237 255 255 250 253 248 2 9 239 0 255 243 17 0 0 254 255 254 3 0 10 0 12 255 252 0 0 2 255 255 254 246 255 255 249 255 236 3 0 17 255 251 255 245 255 255 246 0 22 236 255 247 255 255 255 251 250 6 12 0 255 240 249
251 254 255 251 11 6 240 255 250 0 9 255 250 255 0 8 255 249 255 255 255 250 242 255 0 9 244 255 246 251 255 2 2 255 242 245 5 0 255 251 252 7 12 255 236 255 0 4 252 244 255 244 255 255 254 250 246 249 255 0 255 255 242 0 255 8 241 255 0 255 4 247 255 9 253 236 255 235 7 6 251 255 0 1 10 7 13 0 255 255 8 7 238 255 244 255 255 238 249 248 252 255 0 15 0 255 255 239 255 225 255 255 247 0 10 255 255 250 255 255 251 255 2 0 10 230 255 255
255 255 255 255 0 0 26 244 255 0 0 251 0 248 9 0 246 255 243 255 252 255 255 252 5 4 255 0 255 240 255 0 0 255 249 255 1 2 0 255 253 1 2 243 12 255 0 2 255 253 255 254 253 250 8 253 8 248 255 1 251 250 254 255 249 255 255 242 255 255 247 255 2 241 20 251 255 255 0 254 255 255 255 0 255 0 246 7 255 251 0 17 0 249 255 245 254 255 252 255 253 249 0 0 3 247 251 255 254 255 255 247 3 3 0 254 253 255 251 255 255 244 0 4 0 255 255 249
245 255 255 250 4 0 0 3 0 255 255 0 2 0 16 0 249 255 255 0 13 0 255 254 0 13 0 8 243 255 252 252 252 11 3 0 14 0 7 0 7 255 253 3 0 2 255 250 0 6 1 253 247 255 255 0 255 0 255 253 2 255 255 0 255 3 239 255 2 248 0 255 0 0 253 255 250 0 255 251 0 3 3 255 250 250 255 249 255 248 255 250 247 1 3 255 255 251 255 255 255 254 0 4 2 255 255 13 0 9 255 249 2 0 254 255 253 0 2 5 7 0 6 1 0 241 255 254
255 248 239 255 0 14 4 1 12 248 255 0 13 13 0 10 255 252 252 5 0 255 248 255 0 2 0 0 16 244 249 255 255 0 4 0 0 2 0 16 6 234 255 255 0 255 249 255 6 0 6 248 255 244 239 255 12 255 241 255 246 255 251 255 250 13 248 255 254 255 239 255 244 22 244 241 242 20 250 255 6 0 251 255 233 255 242 255 254 240 255 255 255 4 0 243 233 255 243 238 255 255 0 2 0 252 255 0 9 0 244 255 7 0 0 255 250 9 1 0 0 3 4 0 0 255 230 255
255 241 255 244 6 3 0 0 250 247 255 5 0 2 25 0 249 253 255 251 248 255 255 255 0 3 255 255 4 0 8 0 0 255 255 255 8 1 240 251 244 255 249 0 9 0 0 9 0 15 0 255 255 255 255 245 0 255 4 249 0 0 252 5 0 250 1 239 0 6 253 10 255 0 255 255 255 0 0 0 255 255 252 245 252 255 255 240 248 255 0 0 0 0 12 255 255 253 244 255 255 225 23 0 7 246 255 255 248 255 247 253 255 0 255 250 255 0 9 0 10 3 5 19 0 237 255 254
249 250 255 243 0 0 0 0 2 255 255 5 8 0 0 3 255 255 239 255 255 247 255 0 17 0 231 255 240 0 0 5 5 237 255 237 4 9 0 255 255 253 245 16 1 0 1 10 13 0 0 244 255 247 255 255 5 255 17 241 255 18 234 7 251 255 6 255 16 245 12 240 0 252 255 246 249 7 0 7 241 255 240 255 255 251 245 255 250 255 0 17 3 0 0 253 241 255 255 250 233 255 0 9 0 253 237 251 255 245 255 245 0 13 1 254 255 0 3 0 0 13 0 0 1 255 255 255
255 239 255 254 255 248 12 0 0 236 255 237 255 243 16 0 253 0 255 0 255 0 255 2 0 15 255 0 11 249 255 0 255 0 255 20 0 8 0 250 0 255 0 255 251 1 8 0 243 255 15 245 255 255 222 255 251 0 246 5 245 0 255 0 255 0 247 0 242 1 255 6 255 253 243 255 0 7 255 0 255 250 255 2 255 0 3 244 255 252 8 0 0 28 0 249 255 255 0 6 255 0 0 1 0 255 0 255 0 243 10 252 11 0 2 255 0 0 11 255 255 255 3 4 255 252 243 250
240 255 255 255 240 255 248 0 0 255 255 253 251 255 0 0 12 0 0 0 0 14 0 7 0 0 6 1 243 255 254 255 251 5 4 0 0 1 3 0 0 11 2 250 255 255 0 26 255 255 245 255 245 12 14 250 255 255 249 6 254 1 249 0 251 0 255 17 238 1 255 0 255 255 255 0 4 0 255 255 247 252 11 0 0 11 0 3 239 255 0 5 13 0 12 255 241 7 0 0 5 0 11 1 4 3 8 0 2 9 0 8 0 3 0 0 3 8 0 234 246 255 0 0 6 255 254 255
255 255 238 251 255 0 255 0 0 255 251 251 11 255 0 255 0 0 21 13 0 247 13 247 0 3 1 6 255 236 255 255 242 4 255 0 5 0 7 0 9 1 2 0 255 0 0 0 246 251 255 255 254 0 0 2 237 255 255 251 242 0 255 2 242 12 244 0 255 4 235 255 255 239 255 245 0 8 239 255 255 255 247 0 0 0 255 1 255 239 7 17 239 0 15 241 255 0 1 11 0 14 0 0 0 6 3 15 251 0 15 0 6 253 6 255 0 0 4 13 248 255 0 0 0 255 246 255
250 249 255 255 0 0 0 0 4 255 246 9 0 0 255 254 0 7 0 250 250 255 250 255 3 6 0 0 255 255 255 249 255 253 247 255 0 19 0 4 1 0 0 0 9 2 4 1 255 250 250 255 240 3 15 0 255 238 255 255 255 255 255 247 0 255 1 255 0 254 255 252 247 255 255 0 4 0 255 255 253 255 2 3 3 255 246 253 0 7 245 246 255 255 247 9 2 0 9 5 0 0 7 6 2 0 3 243 255 247 5 1 246 255 250 252 255 7 0 0 7 0 7 3 0 253 254 254
250 255 255 255 0 7 0 7 7 240 255 6 0 0 255 247 0 6 0 255 253 249 255 0 3 4 1 0 9 244 252 254 255 249 255 255 0 1 0 2 0 7 0 13 0 0 12 0 247 255 244 254 246 13 0 1 0 8 250 255 250 244 255 246 0 251 3 246 255 255 254 255 0 255 253 246 0 9 246 255 255 255 255 2 0 252 255 255 8 0 255 246 253 255 255 0 4 0 0 7 0 0 11 0 0 6 0 255 255 249 2 0 248 255 255 253 255 0 4 0 2 10 0 6 0 255 251 255
255 251 244 255 6 0 30 0 255 255 236 0 2 16 255 255 19 0 14 0 0 11 0 255 252 234 11 0 4 10 12 255 254 251 255 255 247 252 255 0 0 250 255 252 252 254 240 255 0 0 1 1 0 0 7 4 249 252 242 249 255 248 255 255 2 255 242 242 255 255 243 255 242 0 5 254 255 255 253 253 0 0 255 255 255 1 0 0 0 0 9 0 32 0 0 255 255 0 8 255 244 250 255 241 252 0 6 0 1 4 255 255 255 255 255 0 3 255 255 255 251 255 0 0 6 251 255 255
245 255 255 255 0 3 0 1 0 255 255 0 8 0 234 255 0 0 7 9 5 0 8 0 255 255 3 0 17 0 0 245 255 255 252 255 244 255 244 0 0 255 255 248 255 252 255 230 7 0 0 12 6 13 0 0 255 244 255 255 244 255 255 232 243 245 255 255 246 255 255 244 255 0 0 2 245 255 243 255 0 18 0 255 249 0 0 16 1 9 0 3 0 22 5 245 251 240 10 0 255 255 231 255 255 6 1 10 18 0 245 253 250 255 0 6 0 255 254 252 253 255 3 2 9 254 255 253
255 255 252 252 0 6 0 13 13 235 255 0 16 0 255 255 1 14 0 6 0 10 6 238 250 255 0 12 0 0 26 255 241 255 255 250 255 255 1 0 6 249 252 247 255 243 246 255 0 1 0 0 0 0 0 14 254 240 246 251 252 255 250 255 255 255 234 250 255 242 255 254 241 3 6 255 255 255 245 255 2 0 255 245 255 17 0 0 0 12 0 2 9 0 0 254 255 4 0 8 255 249 255 237 239 16 0 0 0 23 255 255 255 241 255 7 2 255 244 255 251 255 0 1 0 255 253 251
255 247 251 252 2 0 255 240 255 0 15 254 234 255 255 250 2 0 7 250 255 243 1 21 0 0 249 244 255 253 254 236 251 15 0 19 0 0 255 255 255 242 255 13 0 12 0 0 3 14 0 255 255 0 15 0 253 255 0 0 18 0 0 255 250 0 14 4 0 3 4 2 14 0 0 0 0 0 255 248 255 255 14 0 0 255 247 255 17 10 0 0 0 0 0 4 0 1 0 255 240 255 13 0 5 252 255 0 21 0 0 0 0 1 0 255 255 0 3 254 235 255 0 0 18 236 255 255
253 251 255 255 0 4 255 255 253 0 3 250 255 243 240 255 2 0 10 252 252 0 0 0 2 0 255 255 246 255 234 255 255 0 0 0 8 5 0 254 255 255 247 255 0 0 5 0 0 3 5 244 252 9 0 255 247 252 16 0 0 0 5 255 255 0 0 8 9 3 0 4 2 0 16 0 0 14 241 255 255 242 255 8 0 234 255 255 0 0 0 18 5 0 16 0 0 0 3 0 255 247 0 0 12 233 255 5 0 0 13 0 0 0 255 255 255 0 14 237 255 230 0 22 0 255 245 255
255 255 251 253 0 0 0 0 1 255 255 252 247 253 255 254 255 254 255 0 12 12 13 3 252 250 251 255 255 244 255 0 0 8 12 0 255 251 247 0 1 0 0 1 4 237 255 255 4 0 0 25 0 6 6 3 255 233 251 255 255 255 247 255 226 255 7 0 251 252 255 255 251 14 0 253 255 250 0 0 0 20 2 0 15 9 2 0 249 255 254 255 244 247 255 255 248 255 255 255 247 255 247 255 255 3 6 0 12 16 253 255 5 5 0 0 9 7 0 29 0 0 255 238 238 255 255 243
253 253 255 255 3 0 15 0 3 245 255 253 255 255 247 254 248 255 244 19 0 0 1 253 251 253 251 255 255 255 255 0 0 9 0 2 255 252 255 0 0 6 0 1 0 9 250 242 0 5 0 0 12 0 0 0 248 255 252 255 248 251 255 249 255 0 4 8 255 255 255 248 254 0 0 11 238 240 13 0 11 0 1 0 4 3 0 11 255 255 254 242 255 255 246 255 255 249 253 244 255 248 255 255 252 0 4 14 0 0 255 250 1 0 18 6 1 0 6 0 2 2 246 255 251 255 246 255
255 246 254 255 0 2 0 0 5 226 255 255 235 255 251 255 255 244 255 0 0 0 8 0 253 255 255 254 246 254 255 0 0 18 0 3 255 239 255 0 0 9 0 0 0 241 255 251 4 0 3 0 0 6 3 0 255 250 255 249 255 255 238 255 247 10 0 0 255 249 255 255 255 5 0 255 251 255 0 7 10 2 0 0 10 2 0 3 255 244 255 255 247 255 255 255 252 255 250 255 247 255 255 253 248 19 0 0 10 4 238 255 249 13 13 0 17 0 13 0 6 2 249 255 240 250 253 255
243 255 254 246 0 6 249 255 255 7 0 249 255 236 255 252 0 0 0 255 255 255 254 255 251 255 0 3 255 248 250 255 255 0 0 0 250 255 255 1 0 255 252 245 255 255 255 254 0 7 3 253 254 255 233 255 0 22 0 11 0 255 255 254 255 246 0 9 251 255 0 0 0 255 255 0 8 4 248 255 247 238 255 255 236 255 255 254 0 17 255 235 255 18 0 0 8 5 7 0 0 3 0 3 11 242 255 255 250 255 18 0 1 0 0 255 246 8 0 255 246 255 255 250 255 255 243 255
255 242 255 248 17 0 241 255 252 3 0 255 236 255 248 255 9 6 8 249 247 255 237 255 254 255 4 1 235 255 247 255 244 0 2 13 251 253 255 0 0 255 250 238 255 231 248 255 0 0 0 242 255 245 255 255 0 0 0 0 255 248 255 248 250 3 0 0 255 255 0 0 0 255 255 247 7 0 255 239 255 255 228 255 255 232 255 254 0 0 247 255 255 0 2 11 0 11 0 11 5 5 2 9 0 249 255 255 243 255 0 8 3 7 254 255 255 0 9 255 255 255 252 241 249 255 253 250
245 255 243 255 238 251 11 0 251 0 255 1 4 0 255 248 0 0 2 0 254 254 255 255 249 243 21 0 2 252 252 0 12 2 9 0 252 255 0 19 2 250 250 255 0 255 251 248 8 5 6 255 0 253 0 251 8 251 16 8 0 255 237 10 10 255 245 255 9 0 247 255 249 0 13 255 0 255 238 255 0 247 11 253 0 245 6 248 7 13 0 0 255 242 16 250 252 0 16 0 241 255 249 252 0 238 255 0 255 6 4 3 254 252 2 0 242 255 6 240 0 3 250 255 254 242 255 255
255 240 255 255 254 255 255 0 0 255 251 0 0 12 246 254 0 25 0 4 0 6 255 249 255 253 0 0 255 255 250 1 0 13 0 0 255 255 255 0 0 255 253 3 0 0 255 245 0 0 0 1 0 6 6 0 234 255 0 0 249 255 250 13 0 252 255 255 0 2 255 255 255 0 0 245 255 244 255 255 9 0 0 18 0 18 0 0 0 4 11 0 0 255 239 253 255 0 7 0 255 255 255 255 255 251 255 0 9 0 0 0 250 255 246 3 15 238 248 11 0 26 239 246 255 255 239 247
255 255 249 237 3 255 0 10 5 247 255 2 1 0 255 255 0 252 0 254 14 239 255 244 0 231 26 255 247 242 255 0 23 245 0 255 244 245 255 0 255 252 255 234 19 255 246 255 0 35 255 0 0 0 5 9 255 242 9 22 0 241 247 0 3 255 255 231 1 253 0 247 242 2 9 18 240 255 255 237 0 249 8 0 0 0 255 6 4 3 236 27 234 255 255 248 247 2 0 255 251 250 0 255 247 255 0 2 0 17 255 4 255 249 6 255 0 255 255 253 2 235 255 26 240 255 255 253
242 255 255 255 0 0 8 0 0 255 255 0 9 8 242 249 255 241 255 255 249 0 0 3 3 21 235 255 249 255 247 8 0 255 255 247 249 255 254 255 252 251 255 252 251 255 1 0 255 249 234 20 0 2 0 0 0 0 0 0 0 19 11 0 0 255 238 255 254 250 9 1 1 2 0 4 0 2 248 255 255 255 253 4 0 255 255 251 0 0 255 240 255 248 253 4 14 0 0 5 231 255 27 0 7 4 0 10 3 0 255 246 255 234 253 254 255 5 0 245 255 248 0 0 7 246 255 247
255 255 243 253 10 0 0 0 254 254 253 7 0 0 255 254 254 255 243 251 255 251 0 1 0 0 255 237 255 255 244 0 9 246 250 255 255 244 255 245 255 251 255 255 255 0 9 3 255 252 255 1 0 0 7 0 3 0 18 0 0 4 0 11 0 247 255 249 243 255 0 0 0 5 0 0 1 6 247 250 255 247 0 0 3 255 245 255 6 4 250 255 255 255 254 1 0 8 2 0 255 249 0 4 0 7 8 0 0 9 255 255 245 255 255 250 255 0 1 255 252 255 0 12 0 254 255 255
250 252 255 243 255 255 255 1 3 255 255 0 5 0 0 6 0 8 0 1 9 0 255 255 0 1 0 7 249 250 255 0 0 0 0 20 0 0 14 246 252 13 1 5 0 251 254 255 254 255 252 4 0 0 1 2 0 13 0 1 255 240 253 255 249 255 247 248 246 255 255 251 247 0 2 253 255 247 7 0 4 5 6 0 5 0 1 5 255 255 0 2 0 254 255 255 252 250 255 249 255 255 245 252 255 255 245 14 0 4 0 4 253 250 8 0 0 0 0 0 1 6 253 255 253 255 255 255
255 247 235 255 253 255 7 0 5 241 255 2 0 5 18 0 0 0 12 0 0 255 254 248 0 2 0 0 0 255 238 11 13 0 18 0 13 11 230 255 251 0 1 0 6 20 232 251 254 255 252 4 0 0 1 2 5 0 16 0 0 255 243 246 255 240 255 255 255 237 249 255 255 0 10 0 235 255 4 0 0 0 0 1 0 9 0 0 246 245 1 0 9 255 253 244 255 255 250 253 245 251 253 255 255 252 241 6 0 0 19 0 252 250 255 0 6 7 0 1 0 10 239 255 248 255 251 253
236 249 255 246 255 239 255 0 0 255 255 0 18 0 0 6 4 3 0 251 255 0 0 0 9 11 255 247 0 247 3 0 0 0 0 0 249 252 4 255 9 0 0 4 248 243 255 255 254 255 252 4 0 0 1 2 6 1 0 5 249 232 255 255 255 2 0 0 247 255 255 254 245 255 250 244 15 245 255 3 6 5 252 255 240 244 255 255 8 255 0 0 0 255 0 255 0 255 0 255 255 251 254 253 255 0 255 0 0 5 255 255 253 255 252 241 250 11 0 255 255 0 248 255 248 237 255 255
255 250 246 249 252 253 0 0 1 247 255 5 1 0 4 10 19 0 4 255 240 13 0 8 0 0 254 255 0 0 14 0 0 24 5 0 255 255 255 0 0 25 0 254 255 255 243 241 254 255 252 4 0 0 1 2 4 5 0 6 9 255 255 245 255 249 0 16 254 232 255 244 255 250 255 0 0 4 249 255 0 9 0 255 249 255 255 242 0 0 1 19 0 0 19 0 6 0 3 0 255 255 255 255 236 9 0 1 9 0 254 255 255 255 245 255 255 7 0 250 251 255 255 255 252 255 249 248
254 250 255 255 254 254 255 0 0 255 255 0 2 2 28 0 0 11 0 235 255 252 2 0 23 0 246 253 255 9 0 0 0 0 0 13 255 234 255 0 0 3 0 247 251 254 255 255 254 255 252 4 0 0 1 2 0 8 3 0 234 255 255 255 255 2 0 4 243 255 250 255 249 255 241 248 13 0 255 244 1 1 253 255 255 255 242 255 11 3 1 0 14 9 0 0 4 4 0 10 245 255 251 240 255 5 0 0 0 0 255 250 254 239 255 244 245 1 0 255 255 250 233 255 255 250 255 248
244 255 245 250 1 0 0 1 10 0 14 2 0 0 239 255 4 0 5 14 11 2 0 255 249 253 254 255 239 255 255 255 255 17 11 0 8 0 3 255 255 0 8 250 246 255 253 246 254 255 252 4 0 0 1 2 2 7 255 254 255 4 0 255 242 6 0 0 0 0 0 4 0 255 255 250 239 255 255 255 253 255 249 249 255 0 0 0 0 0 255 239 254 4 0 255 253 240 0 2 4 0 0 19 0 243 255 0 6 0 6 0 255 255 0 0 5 247 255 0 0 5 255 239 255 244 255 255
255 255 251 255 0 0 4 9 0 0 0 0 4 10 255 255 2 0 9 0 0 4 1 0 245 255 255 226 255 241 255 255 253 0 0 0 5 0 254 255 250 10 0 255 250 255 255 247 254 255 252 4 0 0 1 2 0 0 249 255 0 8 3 255 255 0 14 5 0 12 0 7 10 231 255 255 255 255 242 255 255 249 247 255 237 14 0 13 8 1 243 255 255 0 3 255 251 24 0 0 0 6 15 0 11 255 255 4 0 0 3 5 253 250 255 0 11 254 252 4 0 16 243 255 255 255 250 250
255 248 255 252 8 5 0 1 0 22 0 0 7 0 255 254 5 0 0 6 0 0 6 252 255 250 255 255 255 255 250 250 252 4 0 4 0 8 1 252 254 1 0 0 255 233 255 251 254 255 252 4 0 0 1 2 6 0 255 251 255 0 0 255 247 255 0 2 5 0 3 0 0 255 246 255 255 237 255 250 252 255 249 255 254 2 0 1 0 7 255 255 250 1 2 252 255 0 6 0 6 0 5 3 0 255 255 0 5 11 0 2 255 243 0 5 0 245 255 2 8 0 255 253 247 255 240 255
255 247 255 255 241 255 248 254 255 0 3 251 243 255 255 253 0 11 6 251 255 249 252 255 253 255 0 6 255 237 255 255 248 255 244 254 0 11 244 255 255 249 244 255 242 255 247 255 0 9 0 0 6 255 244 255 255 245 255 255 11 0 4 0 0 14 0 0 255 252 253 255 242 254 255 0 9 0 255 245 2 0 0 255 255 255 255 243 0 0 10 0 4 5 0 0 3 0 10 0 17 4 250 255 255 0 2 0 2 0 255 246 255 246 255 12 0 241 255 251 0 8 0 0 8 244 255 253
247 255 239 255 255 251 255 255 255 0 1 251 255 255 253 255 9 0 1 250 255 255 244 255 255 237 7 0 252 255 240 255 254 255 252 255 8 0 10 255 252 251 255 250 246 255 255 249 0 0 0 9 0 253 255 244 251 255 255 246 249 9 7 13 0 23 0 9 253 253 255 247 255 233 250 255 0 0 251 255 5 0 255 255 239 255 238 255 0 17 0 0 2 0 7 0 0 6 0 2 0 0 250 255 245 4 0 6 9 6 241 255 254 255 10 0 7 255 234 11 6 0 0 10 7 255 255 245
254 255 250 255 254 238 2 0 0 250 249 255 255 245 255 252 13 0 22 5 0 4 8 6 0 22 0 0 10 254 255 0 1 0 0 0 248 247 249 249 254 4 0 255 255 0 8 0 255 242 255 255 243 255 255 247 8 16 227 255 255 255 247 0 6 0 0 0 255 254 0 10 1 251 252 255 254 255 0 10 247 255 255 248 255 4 0 0 255 235 255 241 255 0 21 255 255 252 255 247 253 255 246 250 255 255 255 0 4 0 0 4 251 248 254 255 244 255 250 0 0 0 9 0 0 242 255 255
255 244 246 255 239 255 255 10 18 255 254 239 242 255 255 248 1 10 0 10 11 0 0 0 7 0 4 9 247 243 255 0 0 0 0 11 255 251 255 255 254 3 11 251 242 255 0 19 255 251 255 244 255 243 230 255 0 0 255 255 255 255 255 2 8 0 22 0 255 252 9 0 0 255 255 248 255 255 0 1 254 255 233 255 255 0 0 6 244 255 240 255 255 0 0 245 234 255 248 255 255 249 255 255 252 239 255 0 0 13 0 2 255 255 255 237 255 255 255 6 5 10 0 8 1 255 245 245
247 255 255 244 255 247 7 0 0 242 247 13 253 6 245 255 0 255 3 241 2 22 0 2 0 0 3 0 255 247 255 7 0 255 15 242 0 255 221 255 250 10 0 255 255 0 0 0 253 249 10 255 231 255 251 255 19 0 6 243 0 255 246 4 4 0 0 22 237 255 3 252 6 255 253 255 246 255 0 0 252 5 249 255 252 0 18 0 255 255 252 0 242 1 16 253 255 255 237 255 248 244 255 242 255 254 0 13 12 0 255 0 255 250 255 255 3 237 241 255 0 7 0 0 6 253 249 255
255 241 253 255 251 255 246 7 0 9 25 0 0 8 250 255 255 255 255 255 255 246 3 3 7 0 6 6 255 255 253 243 255 255 255 231 9 13 4 255 255 237 255 250 255 239 20 0 0 12 0 5 14 236 255 245 0 0 11 2 251 255 240 0 0 16 0 0 255 255 246 255 243 255 253 251 255 245 15 0 1 0 255 255 253 1 0 6 247 255 7 2 0 0 0 255 254 251 255 246 255 255 238 255 253 0 5 0 0 2 255 255 255 254 0 0 0 255 255 2 18 0 0 23 10 247 255 247
224 255 251 249 249 240 10 0 0 8 0 0 13 0 244 255 255 246 250 244 255 0 6 0 5 0 0 12 0 253 255 255 252 250 249 255 0 0 255 247 246 254 249 255 251 255 0 0 5 0 0 5 0 255 255 245 21 0 0 13 0 250 255 0 10 4 0 1 245 255 255 251 255 244 255 255 228 19 0 0 9 0 255 247 255 0 27 0 255 240 0 0 3 10 6 250 246 250 254 255 246 248 255 255 255 0 6 5 4 0 255 253 253 253 255 0 0 255 250 0 0 0 31 0 248 253 255 253
255 254 249 253 20 0 0 0 11 0 0 255 232 255 255 249 254 255 255 0 8 240 255 255 0 7 4 0 1 10 0 255 255 0 5 0 243 255 248 3 1 255 255 241 255 0 0 2 254 255 255 255 246 252 255 255 252 255 5 0 1 0 0 2 0 0 7 9 0 0 0 3 0 255 248 0 15 0 0 5 248 255 250 255 255 255 242 254 249 255 253 254 255 0 6 2 7 2 251 253 0 0 5 0 0 7 5 0 5 7 0 0 0 0 4 254 255 239 255 253 255 250 249 255 255 255 252 255
255 244 255 254 0 11 6 0 6 0 0 255 247 249 255 244 255 241 252 1 3 255 253 0 0 16 0 0 1 7 4 251 255 0 0 0 255 255 0 6 10 253 255 251 252 254 4 0 255 250 247 255 251 255 255 255 243 255 0 0 1 0 0 0 2 0 6 0 7 6 0 4 0 249 255 255 0 0 10 0 248 253 254 245 255 247 255 248 255 251 255 255 255 0 10 1 17 246 255 252 0 8 2 0 10 0 3 7 0 5 0 0 0 8 8 250 255 251 252 253 255 239 254 255 244 255 252 247
243 255 246 255 255 239 255 255 245 255 230 255 252 252 255 255 245 255 255 252 254 0 254 255 8 0 8 4 0 0 0 255 252 253 255 249 255 242 249 246 255 0 12 255 1 0 0 13 0 255 6 0 4 255 248 253 255 233 243 10 241 255 255 251 255 254 255 255 0 0 255 245 255 240 255 246 255 255 0 8 10 2 252 255 255 6 0 10 244 255 0 0 0 3 7 243 238 254 255 2 6 2 4 0 0 254 255 252 243 252 255 254 0 0 237 255 244 251 255 252 241 255 255 251 255 235 255 255
248 255 247 251 250 255 249 255 255 252 255 247 255 244 255 253 249 255 242 255 254 255 252 254 0 16 0 15 7 0 12 243 242 255 255 255 247 255 255 255 249 23 0 5 22 0 9 0 6 0 17 0 7 243 255 255 238 255 19 0 0 255 235 254 255 243 243 255 0 0 246 255 243 255 251 255 240 3 0 8 0 5 250 235 255 0 26 0 255 254 0 1 12 3 0 255 255 252 255 243 0 0 0 6 5 255 253 251 255 247 255 253 1 20 0 255 247 255 254 255 255 238 241 255 255 255 251 255
255 250 255 245 0 251 12 0 255 0 241 1 255 8 233 16 251 0 255 0 253 255 255 238 18 0 251 0 255 0 247 255 255 0 245 0 2 250 0 252 10 0 8 0 3 0 10 0 0 1 0 4 0 255 249 253 255 231 0 0 255 255 241 12 249 16 255 247 18 0 255 4 2 255 250 240 8 255 0 0 255 0 255 255 255 7 253 0 255 255 255 6 251 0 17 0 249 255 247 255 1 255 10 0 0 255 255 7 255 0 243 255 0 0 243 0 255 255 254 255 255 237 25 255 0 255 255 242
254 255 248 255 0 12 0 2 5 11 0 6 0 7 3 3 0 19 0 0 13 0 252 255 4 0 255 255 247 255 255 247 255 0 0 17 0 0 16 0 0 0 15 30 0 5 2 0 0 0 0 9 7 237 255 248 255 255 252 0 0 253 255 0 1 254 255 246 0 0 0 0 0 243 255 0 0 3 0 4 255 235 255 240 249 255 245 255 255 225 255 255 251 10 5 0 2 0 252 255 235 255 0 4 11 241 252 0 0 15 254 244 255 10 6 0 0 246 243 255 255 243 7 0 0 255 255 255
244 251 255 255 0 4 8 0 0 0 0 7 0 0 16 0 3 0 5 15 0 255 255 0 0 1 255 241 255 246 255 255 255 23 0 0 0 0 4 2 0 2 0 0 11 0 0 7 5 11 12 0 10 251 233 255 255 240 4 0 255 249 254 0 0 255 243 251 13 1 0 9 5 255 228 255 13 0 13 18 255 255 249 255 255 241 251 253 255 255 255 247 243 0 0 9 8 245 255 255 248 250 21 0 6 247 255 7 0 0 255 255 0 0 0 3 0 255 253 240 249 255 0 15 0 243 252 247
255 245 255 255 0 6 246 255 255 255 255 255 255 230 253 255 254 255 255 1 2 249 255 255 9 4 0 20 239 255 255 255 246 243 255 255 6 7 245 255 247 1 8 255 255 254 255 253 0 0 0 0 0 25 0 0 3 0 3 13 0 255 244 255 255 235 255 249 0 11 255 241 254 255 255 245 0 4 2 0 0 6 255 250 254 255 255 255 0 0 0 5 12 3 12 0 0 12 0 5 6 8 0 6 0 255 255 246 255 255 233 255 9 0 255 236 255 252 246 255 241 255 255 241 254 255 248 255
248 249 254 255 0 1 255 250 255 246 254 255 255 255 253 248 247 255 247 0 0 0 250 248 0 2 6 0 255 255 247 255 255 254 255 240 9 0 8 255 255 0 0 255 254 251 255 255 4 0 6 0 8 0 4 0 8 0 1 0 255 246 255 247 252 255 242 255 0 0 246 255 247 255 255 0 10 3 0 13 3 1 0 254 255 250 254 255 3 0 21 0 1 0 11 0 1 7 1 0 5 0 4 0 2 255 246 255 248 255 255 252 252 0 0 255 253 248 255 238 255 250 254 255 254 253 251 250
254 255 255 251 1 0 255 254 255 240 255 254 255 246 255 249 255 246 255 0 0 255 251 254 10 0 1 5 0 255 255 245 252 255 251 255 4 0 255 252 255 0 3 255 254 244 249 255 5 2 0 3 1 2 0 0 8 0 7 2 0 249 255 255 255 238 255 249 2 10 255 245 255 255 242 255 4 0 0 4 0 0 255 255 255 237 255 252 0 0 5 0 15 16 0 0 0 0 1 6 0 16 0 3 5 254 255 253 252 255 255 253 12 0 14 255 246 255 255 244 254 255 242 247 255 251 255 254
255 248 255 241 8 13 0 249 240 19 0 0 5 0 0 5 245 255 232 0 0 255 255 1 0 0 3 12 255 251 253 255 243 14 0 0 241 255 235 255 246 255 253 233 255 15 0 0 0 0 4 5 0 0 5 2 254 255 0 9 0 7 1 2 9 3 2 0 0 0 0 8 0 249 255 252 0 3 11 0 255 255 252 250 253 0 26 0 7 1 244 255 245 0 27 255 255 255 244 248 255 245 0 1 4 0 0 1 13 0 0 3 0 19 255 251 255 0 12 255 250 246 0 17 0 255 250 255
255 249 255 246 9 0 251 255 255 0 3 9 2 13 0 0 255 241 252 7 12 0 250 253 1 19 0 0 253 255 255 251 251 3 1 4 255 255 255 233 253 243 252 255 255 235 6 0 4 0 9 0 1 0 27 0 255 248 255 1 0 0 0 0 0 7 0 26 0 2 27 0 1 255 246 0 6 0 0 3 239 255 249 255 255 2 0 6 0 2 255 255 255 12 0 238 255 255 251 255 247 254 29 0 7 0 19 0 11 0 19 0 19 0 0 255 254 4 6 255 255 248 2 0 9 255 255 237
255 252 255 245 5 6 235 246 252 0 17 0 0 13 3 0 255 252 255 0 0 254 255 255 7 0 0 19 0 0 2 251 255 251 246 255 0 0 12 8 7 15 0 0 0 0 255 252 4 0 0 255 255 255 245 255 0 10 14 0 7 20 0 0 5 0 13 0 255 246 250 255 243 255 255 255 0 0 31 0 6 0 23 244 255 255 237 255 247 252 7 0 0 5 6 11 0 240 255 239 6 9 229 248 255 238 255 0 0 17 0 1 242 255 255 1 0 247 255 253 249 255 255 239 255 236 255 255
255 255 245 255 0 0 255 252 255 1 0 0 0 0 0 5 239 255 255 11 0 249 229 1 0 6 20 0 0 19 0 255 255 242 255 247 0 29 0 0 0 0 12 2 0 255 247 255 4 8 0 242 255 248 255 243 0 8 0 14 0 10 0 10 0 0 3 12 255 250 255 255 255 245 253 2 1 4 0 0 1 0 237 244 255 241 255 250 255 255 7 0 0 7 0 0 0 4 246 0 4 0 255 255 255 242 254 16 8 0 14 0 255 248 0 6 0 251 252 252 253 254 252 255 255 255 236 255
254 255 255 249 1 6 0 244 242 0 0 3 16 0 0 4 255 252 254 0 8 8 255 255 0 2 0 0 12 0 0 247 246 255 247 255 0 0 16 2 0 0 0 5 0 0 253 255 0 9 5 255 255 250 255 255 7 0 0 8 0 0 29 0 0 6 0 245 255 255 242 252 242 255 248 253 12 9 0 10 0 27 255 251 255 255 242 253 255 250 0 4 0 19 0 12 0 255 254 255 17 0 252 245 228 255 0 0 7 0 0 11 253 255 255 0 21 249 252 255 255 255 0 242 242 250 255 243
251 255 255 254 3 0 246 255 254 15 8 0 0 0 0 4 251 255 255 0 3 250 237 253 15 7 0 16 0 0 8 255 255 255 245 250 16 0 241 255 253 255 242 255 13 255 255 247 255 253 252 255 255 246 252 235 0 0 251 255 255 16 0 0 0 255 255 250 255 255 0 15 3 252 255 0 0 0 242 255 255 239 245 255 252 0 0 7 0 3 255 249 255 0 6 251 255 0 0 12 230 255 4 1 10 0 5 0 0 3 252 255 253 255 248 5 0 254 251 253 247 246 0 18 1 255 255 254
255 253 245 255 0 2 255 244 255 0 3 7 0 11 0 0 254 240 255 0 0 255 255 255 0 0 0 11 0 6 0 255 251 244 255 255 0 0 19 248 252 255 255 2 0 0 255 252 255 245 255 255 242 255 243 255 0 5 255 255 0 2 0 8 6 253 248 255 241 255 12 0 0 255 235 255 0 6 255 248 253 255 254 253 255 16 0 0 1 5 252 255 248 7 2 255 250 255 3 0 255 240 5 0 0 3 0 0 3 7 255 244 255 242 11 0 3 255 255 253 255 255 2 0 0 248 255 250
250 255 243 253 1 6 244 255 249 255 255 239 255 245 254 255 255 249 255 0 5 0 245 255 6 0 0 5 0 1 3 0 3 0 0 0 4 0 255 254 251 255 244 0 18 233 255 255 0 0 0 0 12 0 6 4 246 255 0 7 255 249 254 255 247 1 4 0 0 2 0 0 4 0 7 248 252 255 0 2 6 0 1 0 0 255 245 255 255 246 2 9 0 255 255 0 6 11 0 8 6 0 8 0 0 255 250 0 8 1 0 7 251 254 255 0 5 252 255 248 255 255 0 0 0 255 255 250
255 247 255 255 0 0 5 255 255 248 255 255 255 255 240 255 255 244 255 0 0 243 255 250 0 22 0 1 4 0 3 1 0 9 0 7 0 2 0 255 255 241 255 243 0 6 255 242 4 0 9 0 1 8 0 0 255 242 6 0 250 255 252 254 255 255 0 0 2 0 1 8 0 4 2 0 255 255 5 0 0 6 2 0 17 255 249 240 252 251 0 13 248 254 255 4 0 1 9 0 10 0 7 3 0 255 255 1 0 0 0 0 255 239 255 0 0 255 253 255 250 251 0 3 24 247 255 255
249 255 243 253 0 0 255 0 255 0 0 255 0 246 23 244 5 255 1 13 0 255 245 248 4 239 14 1 237 19 244 0 2 0 0 12 0 0 255 0 255 0 245 9 255 255 255 255 255 0 255 0 5 245 254 255 255 255 247 6 4 255 254 5 239 18 0 7 250 255 0 252 255 2 255 244 243 255 0 7 249 255 239 10 239 233 255 255 244 255 8 0 5 4 249 0 0 12 0 4 247 255 0 5 25 228 2 0 0 18 255 255 251 252 0 4 0 4 243 1 255 6 11 0 0 248 252 246
255 255 245 255 0 0 2 10 0 2 0 0 9 13 0 2 0 2 0 0 0 11 254 255 249 255 0 15 253 249 251 6 0 20 0 0 6 0 0 11 1 9 6 255 237 241 255 250 253 255 240 13 3 255 242 255 242 255 0 3 255 255 248 0 19 0 4 9 255 245 255 246 240 245 251 255 250 255 7 0 255 241 255 247 255 255 255 235 255 247 0 8 1 0 0 2 18 0 8 250 255 255 8 0 0 4 0 0 7 0 243 255 255 255 255 4 1 6 0 4 0 18 0 4 8 254 255 255
255 238 255 247 0 5 0 0 2 16 3 8 0 0 0 12 8 0 3 0 19 251 246 255 247 255 0 0 255 252 255 0 3 0 6 0 0 15 0 0 0 8 2 244 255 255 236 255 254 244 255 0 0 255 246 248 255 255 6 0 0 242 255 13 0 4 2 0 230 255 234 255 255 255 246 255 255 243 9 0 255 255 247 255 251 250 243 255 255 246 18 0 0 12 8 0 0 3 7 6 239 249 8 0 1 0 14 0 7 0 255 251 237 249 0 11 2 0 0 2 4 0 1 7 0 255 254 247
249 255 250 255 247 255 255 246 255 235 231 255 255 253 255 253 249 255 252 241 255 253 255 248 252 246 255 255 255 255 255 255 247 255 255 249 252 254 255 248 250 255 243 255 250 255 255 248 255 244 252 255 255 239 255 255 255 241 238 255 255 255 255 244 255 253 241 255 255 255 241 255 251 237 255 255 244 255 242 255 247 255 242 255 255 255 243 255 238 255 255 249 255 251 236 255 250 255 243 255 255 255 246 251 249 253 253 255 246 255 255 241 255 255 255 249 231 255 255 243 255 239 255 253 248 250 253 255
255 220 255 255 249 236 255 255 241 255 255 254 254 246 255 247 253 255 255 255 255 237 255 255 255 255 252 247 240 255 236 255 255 232 255 244 255 255 243 255 255 241 255 245 255 238 255 255 254 255 252 245 245 247 255 253 254 244 255 249 241 255 255 248 240 255 255 255 244 250 255 255 247 255 254 255 255 255 235 255 255 252 255 237 255 251 255 249 255 255 230 255 255 240 255 252 255 244 255 255 237 255 255 255 255 244 255 235 255 255 239 255 242 253 241 255 255 255 242 255 252 255 240 246 255 255 255 245
252 255 243 255 255 255 247 251 243 255 240 253 255 255 250 255 255 248 255 243 255 255 250 255 255 241 255 253 255 255 255 249 255 255 253 255 246 255 255 248 255 255 246 255 250 253 255 255 253 251 255 250 255 255 246 255 253 255 242 255 255 255 246 255 255 251 252 255 254 255 255 250 255 244 255 255 240 255 255 242 253 251 255 254 254 251 253 255 251 252 255 252 255 248 255 252 254 255 242 255 255 255 238 253 252 255 248 255 248 255 252 255 255 255 254 255 239 252 255 255 255 241 255 252 254 244 255 255
